0 0.12734375 0.17421875 0.078125 0.0421875
0 0.12734375 0.34921875 0.078125 0.0484375
0 0.134375 0.5328125 0.096875 0.05
0 0.1265625 0.7359375 0.084375 0.046875
0 0.31484375 0.171875 0.09375 0.05
0 0.303125 0.3515625 0.0875 0.04375
0 0.31640625 0.53359375 0.0859375 0.0484375
0 0.3109375 0.73515625 0.103125 0.05
0 0.4921875 0.17109375 0.084375 0.05
0 0.4828125 0.35859375 0.103125 0.05
0 0.4984375 0.54375 0.103125 0.05
0 0.5171875 0.73203125 0.103125 0.0515625
0 0.6859375 0.171875 0.1125 0.05
0 0.67578125 0.3515625 0.0953125 0.046875
0 0.68359375 0.5421875 0.0921875 0.053125
0 0.709375 0.73125 0.1 0.05
0 0.86484375 0.16875 0.1046875 0.05
0 0.8609375 0.36015625 0.103125 0.0546875
0 0.8671875 0.5453125 0.1 0.046875
0 0.9 0.73359375 0.096875 0.05