0 0.70078125 0.53984375 0.1453125 0.1046875
0 0.52578125 0.47734375 0.1453125 0.1046875
0 0.3625 0.41640625 0.14375 0.1046875
0 0.21015625 0.3546875 0.1453125 0.103125
0 0.07734375 0.30625 0.1453125 0.10625
0 0.1890625 0.0515625 0.14375 0.103125
0 0.34375 0.0875 0.14375 0.10625
0 0.509375 0.13828125 0.14375 0.1046875
0 0.67734375 0.19375 0.1453125 0.10625
0 0.8796875 0.25078125 0.159375 0.1109375
0 0.89375 0.61484375 0.1625 0.1109375
0 0.77890625 0.9546875 0.1609375 0.090625
0 0.61796875 0.88671875 0.1609375 0.1109375
0 0.45703125 0.8140625 0.1609375 0.109375
0 0.31328125 0.74921875 0.1296875 0.0953125
0 0.1796875 0.68828125 0.13125 0.0953125
0 0.059375 0.62421875 0.11875 0.0953125
0 0.084375 0.865625 0.13125 0.096875
0 0.2125 0.93203125 0.13125 0.0984375
0 0.35234375 0.97578125 0.1296875 0.0484375