0 0.134375 0.78515625 0.04375 0.0625
0 0.303125 0.79140625 0.05 0.0671875
0 0.47578125 0.78984375 0.0484375 0.0625
0 0.64140625 0.78359375 0.0515625 0.0671875
0 0.803125 0.76484375 0.040625 0.0546875
0 0.8078125 0.575 0.04375 0.059375
0 0.64453125 0.58125 0.0453125 0.0625
0 0.47265625 0.5875 0.0484375 0.065625
0 0.2984375 0.58984375 0.053125 0.0625
0 0.13125 0.58515625 0.0515625 0.0625
0 0.134375 0.38984375 0.04375 0.0625
0 0.30625 0.3875 0.05 0.065625
0 0.47890625 0.39140625 0.0421875 0.0578125
0 0.65078125 0.38984375 0.0453125 0.0625
0 0.809375 0.38125 0.040625 0.0625
0 0.8109375 0.19765625 0.0375 0.0546875
0 0.65234375 0.19765625 0.0421875 0.0625
0 0.48359375 0.19375 0.0453125 0.0625
0 0.3171875 0.19140625 0.04375 0.0578125
0 0.14765625 0.18984375 0.0453125 0.0625