0 0.52578125 0.44609375 0.1421875 0.1609375
0 0.41171875 0.625 0.1421875 0.1625
0 0.30390625 0.78203125 0.1421875 0.1609375
0 0.16875 0.49765625 0.121875 0.146875
0 0.21328125 0.93046875 0.115625 0.125
0 0.371875 0.98125 0.103125 0.0375
0 0.46484375 0.8875 0.1015625 0.096875
0 0.57109375 0.74140625 0.1234375 0.125
0 0.69609375 0.58203125 0.1421875 0.1453125
0 0.834375 0.396875 0.15625 0.171875
0 0.66328125 0.23515625 0.1578125 0.1953125
0 0.8453125 0.70234375 0.134375 0.1296875
0 0.72265625 0.846875 0.1328125 0.13125
0 0.85625 0.93515625 0.134375 0.1296875
0 0.95703125 0.8 0.0859375 0.13125
0 0.96328125 0.16640625 0.0734375 0.20625