0 0.25625 0.7078125 0.053125 0.078125
0 0.36015625 0.74453125 0.0625 0.0953125
0 0.47265625 0.74140625 0.0625 0.0796875
0 0.59140625 0.7328125 0.0421875 0.05
0 0.69140625 0.72734375 0.05 0.0609375
0 0.8 0.71328125 0.040625 0.05625
0 0.90390625 0.6828125 0.0328125 0.05
0 0.25234375 0.5171875 0.0375 0.046875
0 0.36015625 0.54765625 0.0546875 0.0609375
0 0.47265625 0.553125 0.0625 0.071875
0 0.70859375 0.53359375 0.0328125 0.05625
0 0.81484375 0.50859375 0.0546875 0.0609375
0 0.93515625 0.4890625 0.0453125 0.065625
0 0.25234375 0.32265625 0.0546875 0.0609375
0 0.35859375 0.3625 0.05 0.0625
0 0.47109375 0.359375 0.05 0.06875
0 0.5875 0.359375 0.040625 0.05625
0 0.69140625 0.35703125 0.0578125 0.0953125
0 0.8 0.3203125 0.05 0.065625
0 0.90859375 0.303125 0.05 0.06875
0 0.225 0.14609375 0.040625 0.05625
0 0.37109375 0.17421875 0.0421875 0.05625
0 0.47890625 0.15703125 0.0421875 0.05625
0 0.58359375 0.16328125 0.0421875 0.05625
0 0.69765625 0.17109375 0.0453125 0.0609375
0 0.8 0.140625 0.040625 0.05625
0 0.90625 0.14296875 0.046875 0.0609375
0 0.58359375 0.53671875 0.0328125 0.0515625
0 0.55234375 0.00859375 0.0625 0.0171875