0 0.60234375 0.871875 0.1703125 0.175
0 0.8484375 0.6828125 0.128125 0.2
0 0.67578125 0.65703125 0.1359375 0.165625
0 0.84296875 0.45546875 0.121875 0.0984375
0 0.67890625 0.41484375 0.128125 0.14375
0 0.525 0.52578125 0.10625 0.11875
0 0.4140625 0.61015625 0.1375 0.14375
0 0.10703125 0.70078125 0.1265625 0.2046875
0 0.2171875 0.590625 0.121875 0.125
0 0.3859375 0.4296875 0.103125 0.096875
0 0.7546875 0.13828125 0.1125 0.0875
0 0.74140625 0.2453125 0.1046875 0.053125
0 0.5953125 0.31015625 0.090625 0.1359375
0 0.46953125 0.32265625 0.1046875 0.103125
0 0.59765625 0.190625 0.1109375 0.08125
0 0.45 0.1359375 0.0828125 0.065625
0 0.3734375 0.17734375 0.08125 0.103125
0 0.32734375 0.3421875 0.121875 0.1
0 0.26953125 0.19765625 0.103125 0.1484375
0 0.1578125 0.29375 0.134375 0.1
0 0.021875 0.3796875 0.04375 0.15