0 0.303125 0.278125 0.05 0.071875
0 0.4 0.24453125 0.0578125 0.0875
0 0.50390625 0.24765625 0.0578125 0.071875
0 0.6140625 0.25546875 0.03828125 0.04609375
0 0.70625 0.26015625 0.04609375 0.05703125
0 0.80703125 0.2734375 0.03828125 0.0515625
0 0.903125 0.3015625 0.03125 0.04609375
0 0.29921875 0.45390625 0.034375 0.04140625
0 0.4 0.425 0.05 0.05703125
0 0.50390625 0.4203125 0.0578125 0.0671875
0 0.721875 0.43828125 0.03125 0.0515625
0 0.8203125 0.46171875 0.05 0.05703125
0 0.9328125 0.4796875 0.0421875 0.06171875
0 0.29921875 0.63125 0.05 0.05703125
0 0.39765625 0.5953125 0.04609375 0.05703125
0 0.5015625 0.59765625 0.04609375 0.06171875
0 0.61015625 0.59765625 0.03828125 0.0515625
0 0.70625 0.60078125 0.05390625 0.0875
0 0.80703125 0.634375 0.04609375 0.06171875
0 0.90703125 0.64921875 0.04609375 0.06171875
0 0.27421875 0.79375 0.03828125 0.0515625
0 0.409375 0.76796875 0.03828125 0.0515625
0 0.509375 0.78359375 0.03828125 0.0515625
0 0.60625 0.778125 0.03828125 0.0515625
0 0.7125 0.7703125 0.0421875 0.05703125
0 0.80703125 0.79921875 0.03828125 0.0515625
0 0.90546875 0.79609375 0.0421875 0.05703125
0 0.28359375 0.97421875 0.034375 0.0515625
0 0.38046875 0.94609375 0.0421875 0.05703125
0 0.48828125 0.95078125 0.034375 0.04609375
0 0.7859375 0.9765625 0.0421875 0.04609375
0 0.68125 0.95625 0.05 0.0671875
0 0.60625 0.4359375 0.03125 0.04609375
0 0.57734375 0.9484375 0.0578125 0.071875