0 0.178125 0.125 0.040625 0.075
0 0.346875 0.125 0.046875 0.075
0 0.5234375 0.13125 0.0484375 0.0921875
0 0.71875 0.1234375 0.04453125 0.0828125
0 0.17578125 0.3046875 0.046875 0.08984375
0 0.3484375 0.29375 0.04296875 0.0828125
0 0.52421875 0.30625 0.046875 0.0828125
0 0.71796875 0.3015625 0.0484375 0.09765625
0 0.175 0.475 0.0484375 0.0796875
0 0.35546875 0.46640625 0.0484375 0.09765625
0 0.53359375 0.48125 0.046875 0.09765625
0 0.71484375 0.4984375 0.04921875 0.09765625
0 0.17578125 0.6609375 0.046875 0.1078125
0 0.3484375 0.6515625 0.0453125 0.0921875
0 0.53203125 0.65859375 0.05234375 0.0875
0 0.7140625 0.68359375 0.0484375 0.09765625
0 0.17265625 0.8328125 0.0484375 0.1
0 0.35703125 0.82890625 0.05234375 0.09765625
0 0.53515625 0.83515625 0.0453125 0.0953125
0 0.71640625 0.86640625 0.0484375 0.0921875