0 0.3625 0.80078125 0.15546875 0.15859375
0 0.1375 0.628125 0.115625 0.18125
0 0.2953125 0.6046875 0.1234375 0.15078125
0 0.14296875 0.421875 0.1109375 0.08984375
0 0.2921875 0.38515625 0.1171875 0.13046875
0 0.43203125 0.4859375 0.0984375 0.1078125
0 0.53359375 0.5625 0.12578125 0.13046875
0 0.81328125 0.64453125 0.115625 0.18515625
0 0.71328125 0.54453125 0.109375 0.11171875
0 0.559375 0.3984375 0.09375 0.0875
0 0.2234375 0.13359375 0.1015625 0.0796875
0 0.23515625 0.23125 0.0953125 0.046875
0 0.36875 0.28984375 0.08125 0.12421875
0 0.4828125 0.3015625 0.0953125 0.09375
0 0.36640625 0.18125 0.1015625 0.0734375
0 0.50078125 0.13125 0.075 0.059375
0 0.57109375 0.16875 0.07421875 0.09375
0 0.6125 0.31875 0.1109375 0.09140625
0 0.665625 0.1875 0.09375 0.134375
0 0.7671875 0.275 0.121875 0.08984375
0 0.90859375 0.353125 0.075 0.13671875