0 0.7859375 0.15859375 0.059375 0.0484375
0 0.7859375 0.3375 0.059375 0.046875
0 0.78359375 0.5234375 0.0671875 0.046875
0 0.78359375 0.728125 0.0671875 0.05
0 0.65 0.728125 0.065625 0.04375
0 0.646875 0.528125 0.0625 0.046875
0 0.653125 0.34140625 0.0625 0.0484375
0 0.64453125 0.15703125 0.0546875 0.04375
0 0.5140625 0.15703125 0.059375 0.04375
0 0.51953125 0.3453125 0.071875 0.046875
0 0.5109375 0.5359375 0.065625 0.05625
0 0.496875 0.72421875 0.0625 0.04375
0 0.35546875 0.7265625 0.0671875 0.046875
0 0.2140625 0.728125 0.059375 0.04375
0 0.2359375 0.5359375 0.059375 0.046875
0 0.375 0.53203125 0.071875 0.0484375
0 0.38046875 0.3390625 0.0609375 0.04375
0 0.378125 0.15703125 0.05625 0.04375
0 0.2390625 0.15859375 0.065625 0.0484375
0 0.246875 0.34921875 0.0625 0.0484375