0 0.1421875 0.8984375 0.065625 0.046875
0 0.1359375 0.72109375 0.071875 0.0515625
0 0.13828125 0.5390625 0.065625 0.05
0 0.14453125 0.36484375 0.0703125 0.0546875
0 0.16484375 0.19453125 0.0578125 0.04375
0 0.3640625 0.1890625 0.0625 0.046875
0 0.3578125 0.36171875 0.065625 0.0484375
0 0.35078125 0.5421875 0.0703125 0.05
0 0.3484375 0.7265625 0.065625 0.053125
0 0.353125 0.90234375 0.065625 0.0546875
0 0.559375 0.8984375 0.065625 0.046875
0 0.56171875 0.71796875 0.0703125 0.0515625
0 0.55703125 0.53515625 0.0609375 0.04375
0 0.559375 0.3546875 0.065625 0.046875
0 0.56796875 0.1875 0.065625 0.04375
0 0.7609375 0.1859375 0.05625 0.040625
0 0.7609375 0.353125 0.065625 0.04375
0 0.765625 0.53046875 0.065625 0.0484375
0 0.7671875 0.70625 0.0625 0.046875
0 0.76953125 0.88515625 0.065625 0.0484375