0 0.54140625 0.83515625 0.1046875 0.159375
0 0.25546875 0.73671875 0.09296875 0.11171875
0 0.85625 0.84296875 0.078125 0.090625
0 0.20546875 0.196875 0.05234375 0.07421875
0 0.20703125 0.51328125 0.05625 0.0796875
0 0.45546875 0.4921875 0.08984375 0.1328125
0 0.2109375 0.05078125 0.0484375 0.0796875
0 0.35859375 0.13046875 0.05234375 0.06953125
0 0.43671875 0.24765625 0.0671875 0.090625
0 0.63984375 0.0796875 0.06328125 0.09609375
0 0.61953125 0.234375 0.075 0.1171875
0 0.89921875 0.21796875 0.0671875 0.09609375
0 0.68828125 0.44453125 0.1828125 0.16484375
0 0.91640625 0.4390625 0.0859375 0.1328125