0 0.14609375 0.6390625 0.16796875 0.184375
0 0.08671875 0.503125 0.14296875 0.14453125
0 0.05234375 0.39140625 0.1015625 0.1421875
0 0.22109375 0.8 0.1515625 0.18671875
0 0.2953125 0.9390625 0.13984375 0.121875
0 0.73203125 0.9390625 0.13984375 0.121875
0 0.64140625 0.80234375 0.13671875 0.1734375
0 0.55859375 0.6578125 0.13671875 0.1734375
0 0.48359375 0.50859375 0.13671875 0.1734375
0 0.41328125 0.37109375 0.13671875 0.1734375
0 0.35078125 0.25703125 0.10859375 0.1
0 0.29765625 0.1921875 0.10859375 0.1
0 0.24453125 0.1078125 0.10859375 0.1
0 0.196875 0.0375 0.1 0.07109375
0 0.48515625 0.0375 0.1 0.07109375
0 0.54296875 0.096875 0.1 0.0734375
0 0.61015625 0.1546875 0.1 0.0734375
0 0.678125 0.25 0.10703125 0.13125
0 0.74140625 0.3765625 0.10703125 0.13125
0 0.8203125 0.50078125 0.10703125 0.13125
0 0.90859375 0.63125 0.1265625 0.1640625