0 0.88203125 0.94453125 0.0328125 0.071875
0 0.88125 0.85703125 0.034375 0.0640625
0 0.88515625 0.76953125 0.040625 0.0765625
0 0.890625 0.68125 0.0375 0.06875
0 0.89375 0.59375 0.034375 0.06875
0 0.89765625 0.5046875 0.040625 0.071875
0 0.9 0.41328125 0.0375 0.0765625
0 0.903125 0.32109375 0.040625 0.0734375
0 0.90703125 0.234375 0.0390625 0.075
0 0.72578125 0.93984375 0.040625 0.0765625
0 0.72734375 0.85546875 0.040625 0.0765625
0 0.7296875 0.76953125 0.040625 0.0765625
0 0.734375 0.678125 0.0375 0.071875
0 0.73359375 0.59140625 0.0390625 0.071875
0 0.7359375 0.50234375 0.040625 0.071875
0 0.740625 0.41328125 0.0375 0.071875
0 0.74296875 0.32421875 0.0390625 0.071875
0 0.74453125 0.23046875 0.0390625 0.071875
0 0.56875 0.94140625 0.0375 0.0734375
0 0.571875 0.85234375 0.0375 0.0703125
0 0.57265625 0.765625 0.0375 0.06875
0 0.57578125 0.67890625 0.0375 0.0703125
0 0.57734375 0.5921875 0.0375 0.06875
0 0.5796875 0.5015625 0.0375 0.06875
0 0.58125 0.4125 0.0375 0.06875
0 0.584375 0.32109375 0.0375 0.0703125
0 0.58671875 0.22734375 0.0375 0.0703125
0 0.41484375 0.9359375 0.0375 0.06875
0 0.41484375 0.85234375 0.0375 0.0703125
0 0.415625 0.76796875 0.0375 0.0703125
0 0.415625 0.67421875 0.0375 0.0703125
0 0.4171875 0.5875 0.0375 0.06875
0 0.4203125 0.5015625 0.0375 0.06875
0 0.421875 0.41015625 0.0375 0.0703125
0 0.42265625 0.31953125 0.0375 0.0765625
0 0.42421875 0.228125 0.0375 0.075
0 0.26328125 0.22578125 0.040625 0.071875
0 0.26171875 0.3171875 0.040625 0.071875
0 0.26015625 0.40859375 0.040625 0.071875
0 0.26015625 0.49609375 0.040625 0.0734375
0 0.26015625 0.5875 0.040625 0.075
0 0.259375 0.67421875 0.040625 0.0734375
0 0.259375 0.7609375 0.040625 0.075
0 0.2578125 0.85 0.040625 0.075
0 0.2546875 0.9359375 0.040625 0.075
0 0.07421875 0.93125 0.040625 0.075
0 0.07578125 0.84765625 0.040625 0.0734375
0 0.07421875 0.7609375 0.040625 0.075
0 0.07734375 0.66953125 0.040625 0.0734375
0 0.07578125 0.5828125 0.040625 0.075
0 0.07578125 0.49375 0.040625 0.075
0 0.07578125 0.40234375 0.040625 0.0734375
0 0.07578125 0.3109375 0.040625 0.075
0 0.07734375 0.22734375 0.040625 0.0734375