0 0.6421875 0.85859375 0.184375 0.1703125
0 0.50546875 0.91796875 0.1453125 0.1453125
0 0.3921875 0.95078125 0.14375 0.0984375
0 0.8046875 0.7828125 0.1875 0.153125
0 0.94140625 0.7078125 0.1171875 0.140625
0 0.94140625 0.26875 0.1171875 0.140625
0 0.80703125 0.359375 0.175 0.1375
0 0.66171875 0.44296875 0.175 0.1375
0 0.5109375 0.51875 0.175 0.1375
0 0.371875 0.5890625 0.175 0.1375
0 0.25703125 0.6515625 0.1015625 0.109375
0 0.19140625 0.70546875 0.1015625 0.109375
0 0.10625 0.759375 0.1 0.109375
0 0.0359375 0.80703125 0.071875 0.1015625
0 0.0359375 0.51640625 0.071875 0.1015625
0 0.0953125 0.4578125 0.075 0.1
0 0.15390625 0.390625 0.0734375 0.1
0 0.25 0.321875 0.13125 0.10625
0 0.378125 0.25859375 0.13125 0.1078125
0 0.503125 0.1796875 0.13125 0.10625
0 0.634375 0.090625 0.165625 0.128125