0 0.13203125 0.2140625 0.04296875 0.06015625
0 0.29375 0.2078125 0.04609375 0.0640625
0 0.46015625 0.21015625 0.04609375 0.06015625
0 0.61875 0.215625 0.04921875 0.0640625
0 0.77421875 0.234375 0.03984375 0.05234375
0 0.778125 0.415625 0.04296875 0.05625
0 0.621875 0.41015625 0.04296875 0.06015625
0 0.45703125 0.40390625 0.04609375 0.0640625
0 0.2890625 0.40234375 0.04921875 0.06015625
0 0.12890625 0.40625 0.04921875 0.06015625
0 0.13203125 0.59375 0.04296875 0.06015625
0 0.296875 0.59609375 0.04609375 0.0640625
0 0.46328125 0.5921875 0.03984375 0.05625
0 0.62734375 0.59375 0.04296875 0.06015625
0 0.7796875 0.60234375 0.03984375 0.06015625
0 0.78125 0.778125 0.03671875 0.05234375
0 0.62890625 0.778125 0.03984375 0.06015625
0 0.46796875 0.78203125 0.04296875 0.06015625
0 0.3078125 0.784375 0.04296875 0.05625
0 0.14453125 0.7859375 0.04296875 0.06015625