0 0.16640625 0.51640625 0.1734375 0.1140625
0 0.27265625 0.2078125 0.1203125 0.1
0 0.1578125 0.85703125 0.096875 0.084375
0 0.85625 0.153125 0.08125 0.05625
0 0.5140625 0.15546875 0.084375 0.0609375
0 0.5375 0.4234375 0.14375 0.096875
0 0.9859375 0.15859375 0.028125 0.0515625
0 0.928125 0.31875 0.075 0.05625
0 0.8015625 0.403125 0.096875 0.071875
0 0.965625 0.62265625 0.06875 0.06875
0 0.81640625 0.60078125 0.1265625 0.0796875
0 0.83359375 0.903125 0.103125 0.071875
0 0.5890625 0.67578125 0.178125 0.1984375
0 0.59453125 0.92109375 0.14375 0.0921875