0 0.4546875 0.15625 0.10625 0.1625
0 0.7421875 0.25546875 0.09375 0.1140625
0 0.1375 0.14765625 0.078125 0.0921875
0 0.79296875 0.80078125 0.0515625 0.075
0 0.79140625 0.48125 0.05625 0.08125
0 0.54140625 0.50234375 0.0890625 0.134375
0 0.7875 0.94921875 0.05 0.0796875
0 0.6390625 0.86796875 0.053125 0.0703125
0 0.56015625 0.75 0.0671875 0.090625
0 0.35546875 0.91953125 0.0640625 0.096875
0 0.37578125 0.76328125 0.075 0.1171875
0 0.09375 0.7796875 0.06875 0.096875
0 0.30625 0.55078125 0.184375 0.1671875
0 0.07734375 0.55625 0.0859375 0.134375