0 0.6640625 0.621875 0.190625 0.15
0 0.74140625 0.365625 0.1921875 0.15
0 0.86171875 0.515625 0.1921875 0.15
0 0.81015625 0.10625 0.1921875 0.15
0 0.91171875 0.26484375 0.1765625 0.1515625
0 0.6140625 0.20234375 0.20625 0.175
0 0.3984375 0.31484375 0.228125 0.1703125
0 0.5421875 0.4734375 0.228125 0.16875
0 0.453125 0.73828125 0.225 0.1703125
0 0.32109375 0.58671875 0.2265625 0.1703125
0 0.17890625 0.42578125 0.2265625 0.1703125
0 0.1109375 0.7046875 0.221875 0.16875
0 0.2640625 0.8625 0.228125 0.16875