0 0.50546875 0.715625 0.1046875 0.14375
0 0.44296875 0.54140625 0.1046875 0.14375
0 0.38203125 0.3796875 0.1046875 0.14375
0 0.321875 0.22890625 0.103125 0.14375
0 0.2734375 0.096875 0.103125 0.14375
0 0.03671875 0.20859375 0.0734375 0.14375
0 0.05703125 0.3609375 0.1046875 0.14375
0 0.10703125 0.52578125 0.1046875 0.14375
0 0.1625 0.6921875 0.103125 0.14375
0 0.21875 0.8921875 0.109375 0.159375
0 0.57890625 0.90625 0.109375 0.159375
0 0.92578125 0.79296875 0.1109375 0.159375
0 0.84765625 0.6328125 0.1109375 0.159375
0 0.77578125 0.4734375 0.109375 0.159375
0 0.71171875 0.33125 0.0953125 0.13125
0 0.6515625 0.19921875 0.096875 0.1296875
0 0.5875 0.07421875 0.09375 0.1296875
0 0.82734375 0.10390625 0.096875 0.1296875
0 0.89296875 0.23125 0.096875 0.13125
0 0.95625 0.36953125 0.0875 0.1296875