0 0.228125 0.18046875 0.059375 0.0453125
0 0.228125 0.35390625 0.059375 0.0453125
0 0.23125 0.534375 0.065625 0.046875
0 0.23125 0.7328125 0.065625 0.05
0 0.36015625 0.7328125 0.0640625 0.040625
0 0.36328125 0.53828125 0.059375 0.0453125
0 0.3578125 0.3578125 0.059375 0.046875
0 0.365625 0.17890625 0.053125 0.0421875
0 0.4921875 0.17890625 0.059375 0.0421875
0 0.48671875 0.36171875 0.0703125 0.0453125
0 0.49453125 0.54609375 0.0640625 0.0546875
0 0.5078125 0.72890625 0.059375 0.0421875
0 0.6453125 0.73046875 0.065625 0.0453125
0 0.78203125 0.7328125 0.059375 0.040625
0 0.7609375 0.54609375 0.059375 0.0453125
0 0.6265625 0.5421875 0.06875 0.046875
0 0.62109375 0.35546875 0.059375 0.0421875
0 0.6234375 0.17890625 0.053125 0.0421875
0 0.7578125 0.18046875 0.065625 0.0453125
0 0.75 0.365625 0.059375 0.046875