0 0.128125 0.36640625 0.178125 0.1953125
0 0.0703125 0.5109375 0.140625 0.153125
0 0.04140625 0.6296875 0.0828125 0.15
0 0.2078125 0.19609375 0.159375 0.1984375
0 0.28515625 0.05703125 0.1484375 0.1140625
0 0.74921875 0.05703125 0.1484375 0.1140625
0 0.65390625 0.19375 0.1453125 0.184375
0 0.565625 0.346875 0.14375 0.184375
0 0.4859375 0.5046875 0.14375 0.184375
0 0.41171875 0.65078125 0.1453125 0.1828125
0 0.3453125 0.77265625 0.115625 0.10625
0 0.2890625 0.840625 0.115625 0.10625
0 0.23203125 0.93046875 0.1140625 0.10625
0 0.18203125 0.98359375 0.10625 0.0328125
0 0.4875 0.98359375 0.10625 0.0328125
0 0.54921875 0.9421875 0.10625 0.078125
0 0.6203125 0.88125 0.10625 0.078125
0 0.69296875 0.7796875 0.1140625 0.140625
0 0.759375 0.6453125 0.1125 0.140625
0 0.84296875 0.51328125 0.1140625 0.1390625
0 0.934375 0.375 0.13125 0.175