0 0.52734375 0.4265625 0.1625 0.14375
0 0.34765625 0.540625 0.1625 0.14375
0 0.18984375 0.64921875 0.1625 0.14375
0 0.475 0.7859375 0.146875 0.121875
0 0.0515625 0.740625 0.103125 0.115625
0 0.08359375 0.48671875 0.0984375 0.103125
0 0.23046875 0.3796875 0.1265625 0.125
0 0.390625 0.2546875 0.14375 0.14375
0 0.5765625 0.115625 0.171875 0.15625
0 0.7390625 0.2875 0.196875 0.159375
0 0.26953125 0.10390625 0.1296875 0.134375
0 0.12421875 0.228125 0.1296875 0.134375
0 0.05078125 0.09296875 0.1015625 0.134375
0 0.1703125 0.0171875 0.13125 0.034375