0 0.809375 0.35703125 0.1625 0.1578125
0 0.63359375 0.12890625 0.184375 0.1171875
0 0.61015625 0.2890625 0.1546875 0.125
0 0.4234375 0.134375 0.090625 0.1125
0 0.3859375 0.2859375 0.134375 0.11875
0 0.48828125 0.428125 0.1109375 0.1
0 0.56640625 0.53125 0.1328125 0.128125
0 0.65078125 0.81484375 0.1890625 0.1171875
0 0.5484375 0.71328125 0.115625 0.1109375
0 0.39921875 0.55703125 0.0890625 0.0953125
0 0.1296875 0.215625 0.08125 0.103125
0 0.22890625 0.228125 0.0484375 0.096875
0 0.2890625 0.36328125 0.128125 0.0828125
0 0.30078125 0.4796875 0.0953125 0.096875
0 0.178125 0.3609375 0.075 0.103125
0 0.12734375 0.49765625 0.0609375 0.0765625
0 0.165625 0.56875 0.09375 0.075
0 0.31875 0.6109375 0.09375 0.1125
0 0.184375 0.66484375 0.1375 0.0953125
0 0.27421875 0.76796875 0.0921875 0.1234375
0 0.35390625 0.91171875 0.1390625 0.0765625