0 0.475 0.56875 0.1296875 0.146875
0 0.578125 0.40703125 0.1296875 0.146875
0 0.6765625 0.2640625 0.1296875 0.146875
0 0.8 0.521875 0.11015625 0.13359375
0 0.759375 0.1296875 0.1046875 0.11328125
0 0.61484375 0.05546875 0.09296875 0.0890625
0 0.5296875 0.16875 0.09296875 0.0890625
0 0.43359375 0.30078125 0.11328125 0.11328125
0 0.3203125 0.4453125 0.1296875 0.13125
0 0.19453125 0.61328125 0.14140625 0.15546875
0 0.35 0.76015625 0.14296875 0.178125
0 0.184375 0.33671875 0.121875 0.11796875
0 0.29609375 0.20546875 0.121875 0.11796875
0 0.17421875 0.12578125 0.121875 0.11796875
0 0.06171875 0.24765625 0.1203125 0.11796875
0 0.27421875 0.02890625 0.11796875 0.053125
0 0.05546875 0.821875 0.10859375 0.18671875