0 0.1765625 0.22890625 0.0453125 0.0578125
0 0.34609375 0.22890625 0.0453125 0.0578125
0 0.52265625 0.23125 0.0453125 0.06328125
0 0.71640625 0.23125 0.04921875 0.06328125
0 0.71640625 0.3578125 0.04140625 0.06328125
0 0.5265625 0.36015625 0.0453125 0.0578125
0 0.35 0.35546875 0.0453125 0.0578125
0 0.175 0.36328125 0.04140625 0.05234375
0 0.175 0.48671875 0.04140625 0.0578125
0 0.353125 0.48125 0.0453125 0.06875
0 0.53359375 0.48984375 0.05234375 0.06328125
0 0.7125 0.50234375 0.04140625 0.0578125
0 0.7140625 0.63671875 0.0453125 0.06328125
0 0.71640625 0.77109375 0.04140625 0.0578125
0 0.53359375 0.75 0.0453125 0.0578125
0 0.5296875 0.61875 0.0453125 0.06875
0 0.34765625 0.61328125 0.04140625 0.0578125
0 0.175 0.615625 0.04140625 0.05234375
0 0.1765625 0.74765625 0.0453125 0.06328125
0 0.35703125 0.73984375 0.0453125 0.0578125