0 0.17109375 0.10546875 0.0421875 0.0765625
0 0.34453125 0.10546875 0.0484375 0.0765625
0 0.52578125 0.1125 0.0484375 0.09375
0 0.7265625 0.1046875 0.046875 0.084375
0 0.16875 0.29140625 0.05 0.0921875
0 0.346875 0.2796875 0.04375 0.084375
0 0.5265625 0.2921875 0.046875 0.084375
0 0.72578125 0.2875 0.0484375 0.1
0 0.16796875 0.46640625 0.0484375 0.0828125
0 0.353125 0.4578125 0.05 0.1
0 0.5359375 0.47265625 0.046875 0.1015625
0 0.72265625 0.490625 0.0515625 0.1
0 0.16875 0.65859375 0.05 0.1109375
0 0.346875 0.6484375 0.046875 0.096875
0 0.53515625 0.65625 0.0546875 0.090625
0 0.721875 0.68203125 0.05 0.1015625
0 0.165625 0.83515625 0.05 0.103125
0 0.35546875 0.83125 0.0546875 0.1
0 0.53828125 0.8375 0.046875 0.096875
0 0.72421875 0.86953125 0.0484375 0.0953125