0 0.2921875 0.26875 0.053125 0.075
0 0.39296875 0.23359375 0.0609375 0.0921875
0 0.50234375 0.23671875 0.0609375 0.075
0 0.6171875 0.24453125 0.040625 0.0484375
0 0.7140625 0.25 0.046875 0.059375
0 0.81875 0.26328125 0.040625 0.0546875
0 0.91953125 0.29296875 0.0328125 0.0484375
0 0.28828125 0.4515625 0.0359375 0.04375
0 0.39296875 0.421875 0.0515625 0.059375
0 0.50234375 0.41640625 0.0609375 0.0703125
0 0.7296875 0.43515625 0.03125 0.0546875
0 0.8328125 0.459375 0.053125 0.059375
0 0.94921875 0.478125 0.0453125 0.065625
0 0.28828125 0.63671875 0.0515625 0.059375
0 0.39140625 0.59921875 0.0484375 0.059375
0 0.5 0.60234375 0.05 0.0640625
0 0.61328125 0.60234375 0.040625 0.0546875
0 0.7140625 0.6046875 0.05625 0.090625
0 0.81875 0.63984375 0.05 0.0640625
0 0.9234375 0.65625 0.046875 0.065625
0 0.26171875 0.80625 0.040625 0.053125
0 0.403125 0.7796875 0.040625 0.053125
0 0.5078125 0.7953125 0.040625 0.053125
0 0.60859375 0.790625 0.040625 0.053125
0 0.71953125 0.78203125 0.0453125 0.059375
0 0.81875 0.81171875 0.040625 0.0546875
0 0.92109375 0.809375 0.0453125 0.059375
0 0.271875 0.98359375 0.0375 0.0328125
0 0.37265625 0.96484375 0.0453125 0.059375
0 0.4859375 0.9703125 0.034375 0.046875
0 0.79609375 0.98671875 0.0453125 0.0265625
0 0.6875 0.9703125 0.053125 0.059375
0 0.60859375 0.4328125 0.0328125 0.046875
0 0.57890625 0.96484375 0.0609375 0.0703125