0 0.940625 0.125 0.071875 0.03125
0 0.85390625 0.12578125 0.0640625 0.034375
0 0.76640625 0.121875 0.0765625 0.040625
0 0.6796875 0.1171875 0.06875 0.0375
0 0.59296875 0.11328125 0.0671875 0.034375
0 0.5046875 0.109375 0.071875 0.040625
0 0.4140625 0.1078125 0.078125 0.0375
0 0.32265625 0.10390625 0.0734375 0.0390625
0 0.23671875 0.10078125 0.0734375 0.0390625
0 0.9359375 0.28046875 0.078125 0.0390625
0 0.85234375 0.27890625 0.0765625 0.0390625
0 0.76640625 0.27578125 0.0765625 0.0390625
0 0.6765625 0.27109375 0.071875 0.0390625
0 0.590625 0.27265625 0.071875 0.0390625
0 0.50234375 0.2703125 0.0703125 0.0375
0 0.4140625 0.265625 0.071875 0.0375
0 0.3265625 0.26328125 0.071875 0.0390625
0 0.23359375 0.26171875 0.0703125 0.0390625
0 0.93671875 0.4359375 0.0734375 0.0375
0 0.8484375 0.4328125 0.06875 0.0375
0 0.76328125 0.43203125 0.06875 0.0375
0 0.67734375 0.42890625 0.06875 0.0375
0 0.59140625 0.42734375 0.06875 0.0375
0 0.5015625 0.425 0.06875 0.0375
0 0.41328125 0.4234375 0.06875 0.0375
0 0.32265625 0.42109375 0.06875 0.0375
0 0.2296875 0.41796875 0.06875 0.0375
0 0.93203125 0.5890625 0.06875 0.0375
0 0.8484375 0.5890625 0.06875 0.0375
0 0.765625 0.5875 0.06875 0.0375
0 0.67265625 0.5875 0.06875 0.0375
0 0.58671875 0.5859375 0.06875 0.0375
0 0.5015625 0.58359375 0.06875 0.0375
0 0.4109375 0.58203125 0.06875 0.0375
0 0.32109375 0.58046875 0.0765625 0.0375
0 0.23125 0.57890625 0.075 0.0375
0 0.22890625 0.7390625 0.0703125 0.040625
0 0.31875 0.740625 0.071875 0.040625
0 0.409375 0.74140625 0.071875 0.0390625
0 0.49609375 0.74140625 0.0734375 0.0390625
0 0.58671875 0.74140625 0.0734375 0.0390625
0 0.67265625 0.74296875 0.0734375 0.0390625
0 0.75859375 0.74296875 0.0734375 0.0390625
0 0.84609375 0.74453125 0.0734375 0.0390625
0 0.93203125 0.746875 0.0734375 0.040625
0 0.92734375 0.9265625 0.0734375 0.040625
0 0.84375 0.925 0.075 0.040625
0 0.75859375 0.9265625 0.0734375 0.040625
0 0.66796875 0.9234375 0.0734375 0.040625
0 0.58203125 0.925 0.0734375 0.040625
0 0.49375 0.925 0.075 0.040625
0 0.40390625 0.925 0.0734375 0.040625
0 0.31328125 0.925 0.0734375 0.040625
0 0.2296875 0.9234375 0.071875 0.040625